ESTACION AÑARBE D1W1
DATOS HISTORICOS MEDIAS DIARIAS
DATOS DE LA BUSQUEDA
     PARAMETRO = Precipitacion
     RANGO FECHAS = 01/1999 - 12/2003

                                                            1999
Día       Ene       Feb       Mar       Abr       May       Jun       Jul       Ago       Sep       Oct       Nov       Dic       
__________________________________________________________________________________________________________________________________

1                                                                                                             0.2       0.0       
2                                                                                                             46.6      0.0       
3                                                                                                             1.8       0.0       
4                                                                                                             0.0       15.2      
5                                                                                                             0.0       8.6       
6                                                                                                             31.2      0.0       
7                                                                                                             0.2       0.0       
8                                                                                                             0.0       0.0       
9                                                                                                             0.0       6.0       
10                                                                                                            0.0       29.0      
11                                                                                                            0.0       2.4       
12                                                                                                            7.8       16.2      
13                                                                                                            11.8      0.2       
14                                                                                                            47.6      36.6      
15                                                                                                            5.8       24.8      
16                                                                                                            2.2       --        
17                                                                                                            28.2      --        
18                                                                                                            47.4      --        
19                                                                                                            18.8      --        
20                                                                                                            6.2       --        
21                                                                                                            1.4       0.2       
22                                                                                                            0.4       0.0       
23                                                                                                            2.4       0.0       
24                                                                                                            0.2       0.0       
25                                                                                                            0.0       3.2       
26                                                                                                            0.0       3.8       
27                                                                                                            0.0       23.8      
28                                                                                                  0.0       0.0       47.0      
29                                                                                                  0.0       0.0       1.2       
30                                                                                                  0.4       0.0       0.0       
31                                                                                                  0.0                 1.6       


----------------------------------------------------------------------------------------------------------------------------------
Nº días   0.0       0.0       0.0       0.0       0.0       0.0       0.0       0.0       0.0       1.0       18.0      --        
Máx.                                                                                                0.4       47.6      --        
Total                                                                                               0.4       260.2     --        


                                                            2000
Día       Ene       Feb       Mar       Abr       May       Jun       Jul       Ago       Sep       Oct       Nov       Dic       
__________________________________________________________________________________________________________________________________

1         2.2       0.0       19.2      0.0       0.0       3.1       0.0       1.4       --        41.0      0.1       0.0       
2         1.8       40.0      0.0       0.0       0.0       0.1       0.0       3.0       --        9.6       12.7      5.3       
3         0.0       0.6       0.0       1.4       0.0       1.1       24.3      14.6      --        0.0       8.7       0.1       
4         0.0       0.0       7.0       9.0       0.0       8.4       0.1       23.0      --        0.0       2.9       0.0       
5         0.0       0.0       0.0       31.6      0.1       5.4       0.0       9.5       --        4.0       26.0      0.0       
6         0.0       0.0       0.0       3.2       0.5       0.2       0.0       3.2       --        6.9       6.5       0.6       
7         0.0       3.4       0.0       0.0       30.2      0.0       2.9       0.1       --        0.0       2.6       5.5       
8         0.0       11.8      0.0       0.4       1.4       0.0       5.9       0.0       0.0       0.2       0.2       0.0       
9         11.2      5.8       0.0       8.2       3.3       39.9      0.0       0.0       0.0       8.7       0.7       0.0       
10        0.0       0.6       0.0       31.0      0.2       18.3      44.8      0.0       0.0       16.4      0.0       0.0       
11        0.0       3.6       0.0       23.2      1.0       1.4       30.6      15.9      0.4       38.0      0.0       0.0       
12        0.0       0.0       0.0       19.0      3.1       0.7       7.6       7.6       0.0       5.5       2.2       0.0       
13        0.0       12.6      0.0       1.0       0.1       0.0       0.4       0.0       0.0       26.0      12.7      0.0       
14        0.0       114.6     0.0       2.2       0.0       0.0       44.4      0.0       0.0       63.5      0.1       17.0      
15        0.0       1.6       0.0       0.0       0.0       0.0       66.3      0.0       0.0       19.7      0.0       11.7      
16        0.0       28.2      0.0       2.0       7.0       0.0       1.2       0.9       0.0       39.2      12.5      1.7       
17        0.0       50.0      0.0       2.0       1.2       0.0       0.0       0.4       0.0       0.0       25.2      0.0       
18        0.0       7.4       0.0       5.9       0.2       0.0       0.0       4.4       0.0       0.0       19.2      0.2       
19        0.2       25.0      0.0       0.8       2.0       0.0       0.0       0.3       19.3      0.0       19.0      0.0       
20        0.0       1.2       0.0       0.0       0.0       3.1       0.0       4.5       17.2      0.8       14.8      0.0       
21        0.0       0.0       0.0       2.9       3.5       0.1       0.0       2.2       0.1       63.5      1.3       0.0       
22        2.0       0.0       0.0       12.6      0.1       2.2       0.0       0.0       0.0       1.2       4.4       0.0       
23        2.6       6.4       6.6       2.5       0.0       0.9       0.1       0.0       0.0       9.7       31.7      0.0       
24        0.0       7.0       0.0       0.0       0.0       0.3       1.3       0.0       0.0       0.1       7.2       0.0       
25        0.0       0.2       3.0       0.4       3.0       0.0       7.9       0.8       0.0       0.0       12.3      0.0       
26        1.0       0.0       12.0      8.3       17.4      2.5       0.0       8.8       3.6       2.0       19.9      0.0       
27        0.0       0.0       63.8      70.1      0.6       0.1       0.0       2.8       0.2       0.0       0.5       8.9       
28        0.0       0.4       21.8      1.1       2.6       0.0       1.2       0.0       0.4       3.2       0.0       6.4       
29        0.0       0.0       4.0       0.0       9.5       0.0       0.0       --        11.6      1.1       7.9       30.4      
30        0.0                 0.2       0.1       0.0       0.0       0.0       --        18.5      20.4      0.2       16.3      
31        0.0                 7.0                 0.0                 0.0       --                  8.0                 0.5       


----------------------------------------------------------------------------------------------------------------------------------
Nº días   7.0       19.0      10.0      23.0      20.0      17.0      15.0      --        --        23.0      26.0      13.0      
Máx.      11.2      114.6     63.8      70.1      30.2      39.9      66.3      --        --        63.5      31.7      30.4      
Total     21.0      320.4     144.6     238.9     87.0      87.8      239.0     --        --        388.7     251.5     104.6     


                                                            2001
Día       Ene       Feb       Mar       Abr       May       Jun       Jul       Ago       Sep       Oct       Nov       Dic       
__________________________________________________________________________________________________________________________________

1         0.6       12.2      0.0       0.0       5.7       0.0       0.0       0.0       0.8       0.0       0.1       0.0       
2         0.0       0.2       3.6       5.7       6.6       0.0       0.0       0.0       0.0       0.0       0.0       0.0       
3         0.6       0.0       7.5       0.1       0.0       0.0       0.3       0.0       0.0       29.5      0.0       0.0       
4         10.9      0.0       9.0       3.4       34.8      0.0       22.5      0.3       0.8       0.0       3.9       0.0       
5         4.6       0.0       2.3       0.6       82.8      0.1       0.6       0.0       0.9       0.0       3.8       0.0       
6         16.8      0.0       0.3       20.0      21.8      2.7       19.9      2.1       0.0       1.3       0.1       0.0       
7         10.4      0.4       3.5       23.6      3.8       0.0       0.2       0.0       2.5       3.8       1.7       0.0       
8         8.4       5.3       1.6       6.0       0.1       0.0       1.1       3.0       0.0       7.2       22.7      0.0       
9         0.0       4.4       4.1       0.5       0.1       5.2       9.4       4.4       12.4      0.0       19.1      0.0       
10        0.0       7.0       21.1      5.3       0.1       58.9      0.8       0.4       0.0       0.0       0.0       0.0       
11        0.0       0.1       0.0       13.8      0.0       0.1       0.0       0.0       0.0       0.0       0.0       0.0       
12        0.0       0.0       22.9      0.1       0.0       0.0       0.0       0.0       0.0       0.0       4.6       0.0       
13        10.5      5.0       3.9       0.0       0.0       0.0       0.0       0.0       0.0       0.2       52.8      0.0       
14        2.0       0.7       0.2       0.0       0.0       0.0       12.3      0.8       19.8      0.1       0.9       0.0       
15        0.2       0.0       0.1       0.0       0.0       0.0       19.1      7.1       0.1       0.0       0.0       0.0       
16        1.0       0.0       0.0       2.5       1.0       2.9       0.1       6.5       0.0       0.0       1.3       0.0       
17        0.3       0.0       4.2       0.0       3.3       7.4       1.9       0.2       3.3       0.7       0.5       0.0       
18        1.0       0.1       0.0       2.6       0.2       0.3       3.7       0.5       0.1       0.1       3.5       0.0       
19        10.4      0.0       1.1       9.6       0.0       0.0       37.1      0.0       0.0       20.4      10.7      0.0       
20        7.3       0.0       1.0       8.0       0.0       0.0       0.4       0.4       0.0       2.1       0.5       0.0       
21        0.0       0.0       0.2       25.6      0.0       0.0       0.0       0.0       2.5       0.0       0.0       0.0       
22        0.4       0.0       0.0       14.7      0.0       0.0       0.0       0.0       7.9       0.0       0.0       0.0       
23        0.0       6.6       0.0       2.9       0.0       0.2       0.6       0.4       10.4      0.0       2.3       3.6       
24        27.7      6.6       0.0       2.1       0.1       0.5       0.8       0.2       3.6       0.0       0.0       0.1       
25        0.6       8.2       0.0       0.2       0.0       0.0       0.0       0.0       0.0       0.0       0.3       0.0       
26        12.1      0.0       1.2       0.0       0.0       4.9       3.9       6.8       0.0       0.0       3.8       22.0      
27        6.7       9.2       0.6       0.0       0.0       1.0       4.1       0.3       0.0       0.0       0.1       4.9       
28        26.7      30.9      0.2       0.0       0.0       0.1       9.7       8.4       0.4       0.0       7.7       0.1       
29        14.9                43.5      9.8       0.0       0.0       0.0       0.0       0.1       0.0       2.7       2.0       
30        9.2                 7.3       30.3      0.0       0.0       0.0       26.3      0.0       0.0       0.0       13.0      
31        18.9                7.9                 0.8                 0.0       10.8                10.3                4.3       


----------------------------------------------------------------------------------------------------------------------------------
Nº días   24.0      15.0      23.0      22.0      14.0      13.0      20.0      18.0      15.0      11.0      21.0      8.0       
Máx.      27.7      30.9      43.5      30.3      82.8      58.9      37.1      26.3      19.8      29.5      52.8      22.0      
Total     202.2     96.9      147.3     187.4     161.2     84.3      148.5     78.9      65.6      75.7      143.1     50.0      


                                                            2002
Día       Ene       Feb       Mar       Abr       May       Jun       Jul       Ago       Sep       Oct       Nov       Dic       
__________________________________________________________________________________________________________________________________

1         0.2       0.0       4.7       --        7.7       0.0       0.0       0.0       0.1       0.7       0.0       96.6      
2         1.1       0.0       1.8       --        24.2      6.2       6.6       0.0       0.0       0.2       1.2       59.6      
3         1.4       2.3       5.0       --        33.6      1.1       2.8       0.0       0.9       0.0       10.9      66.9      
4         1.7       0.1       0.0       --        5.1       23.2      1.3       0.0       3.3       0.0       15.3      52.0      
5         0.0       34.9      12.7      --        24.1      25.0      4.4       1.5       24.0      0.0       0.2       13.7      
6         0.0       38.6      1.0       --        1.7       0.7       8.1       20.0      1.5       0.0       59.0      6.2       
7         0.0       5.8       7.4       --        7.2       31.9      0.0       0.6       6.8       0.0       18.2      3.5       
8         0.0       0.0       --        --        25.0      17.1      10.7      7.8       11.5      0.8       3.1       0.4       
9         0.0       1.0       --        --        132.5     5.3       8.6       22.9      0.7       57.3      78.9      0.1       
10        0.0       0.1       --        2.2       32.2      3.1       2.5       3.7       0.0       85.1      27.4      0.0       
11        0.0       0.0       --        17.0      1.8       0.0       0.1       1.8       0.0       6.1       4.5       0.0       
12        0.0       0.0       --        2.7       0.1       0.0       0.4       14.9      0.0       22.3      0.1       0.0       
13        2.0       18.6      --        0.5       0.3       0.0       2.3       0.1       0.0       1.8       7.5       0.0       
14        18.0      62.4      --        5.2       0.0       0.0       0.0       0.3       0.0       0.2       2.3       0.0       
15        38.0      28.7      --        3.5       0.0       0.0       1.3       0.1       0.0       0.0       0.1       0.0       
16        9.9       0.1       --        1.1       0.0       0.0       0.0       0.4       0.0       2.6       0.0       0.0       
17        0.1       2.2       --        0.0       11.1      0.0       0.0       0.0       0.4       5.6       0.2       9.5       
18        0.0       10.1      --        4.3       1.9       0.4       0.0       0.4       0.0       0.0       0.2       0.4       
19        6.7       2.1       --        0.0       0.0       3.8       0.0       1.6       0.0       0.0       12.1      3.1       
20        0.0       18.0      --        0.0       2.3       2.5       0.0       1.2       5.9       0.0       16.4      0.0       
21        0.0       10.4      --        0.0       0.3       0.3       0.1       0.0       1.6       6.4       0.6       0.0       
22        0.0       9.2       --        0.0       34.5      1.1       0.0       0.0       5.7       2.3       0.0       0.0       
23        2.0       21.9      --        0.0       11.2      7.8       --        3.3       0.0       15.1      0.0       0.0       
24        2.7       19.3      --        0.0       4.0       16.8      --        11.6      0.0       1.5       2.6       0.0       
25        0.0       0.1       --        0.0       1.5       0.1       14.6      31.7      0.0       0.1       3.7       0.0       
26        0.0       0.0       --        5.2       6.9       4.4       4.8       37.0      0.0       0.0       0.1       0.0       
27        0.0       3.6       --        3.0       1.2       6.8       0.0       9.5       0.0       3.4       0.0       23.7      
28        0.0       7.6       --        0.6       3.1       0.4       0.0       91.8      0.0       0.2       1.7       42.9      
29        0.0                 --        1.5       0.9       8.9       1.2       7.3       0.0       0.0       20.6      0.1       
30        0.0                 --        0.0       0.0       1.7       27.7      0.2       0.0       35.6      34.0      19.7      
31        2.6                 --                  0.0                 11.9      9.7                 7.3                 10.0      


----------------------------------------------------------------------------------------------------------------------------------
Nº días   13.0      22.0      --        --        25.0      22.0      --        24.0      12.0      20.0      25.0      17.0      
Máx.      38.0      62.4      --        --        132.5     31.9      --        91.8      24.0      85.1      78.9      96.6      
Total     86.4      297.1     --        --        374.4     168.6     --        279.4     62.4      254.6     320.9     408.4     


                                                            2003
Día       Ene       Feb       Mar       Abr       May       Jun       Jul       Ago       Sep       Oct       Nov       Dic       
__________________________________________________________________________________________________________________________________

1         6.5       14.2      0.7       0.0       0.0       4.7       0.0       0.0       0.2       13.9      22.5      0.9       
2         1.6       40.9      2.8       28.8      0.0       4.9       2.2       0.0       0.1       9.9       0.1       11.3      
3         0.0       9.0       68.6      1.0       0.0       6.2       2.3       0.0       0.0       1.9       0.0       0.3       
4         28.8      60.8      0.1       0.0       0.2       18.1      0.1       0.0       10.4      37.7      0.0       4.5       
5         2.3       12.5      29.8      0.0       42.2      2.7       0.0       0.0       0.8       17.1      0.4       0.0       
6         47.2      0.2       18.1      0.0       121.1     0.0       0.0       0.0       4.7       0.0       0.0       0.0       
7         0.4       0.0       0.1       0.0       19.7      1.1       0.0       0.0       4.8       2.9       0.0       2.1       
8         13.0      0.0       0.2       0.0       0.1       2.5       0.0       0.0       22.6      24.3      1.9       0.0       
9         30.7      8.1       0.0       18.3      0.0       0.0       0.1       0.0       22.2      1.2       1.2       0.0       
10        12.3      6.0       0.0       0.3       0.0       0.0       0.0       0.0       0.0       0.0       0.1       0.0       
11        0.3       0.6       0.0       10.8      0.0       0.0       0.0       0.2       6.0       0.0       0.0       17.6      
12        0.0       25.9      0.0       0.1       0.0       0.0       0.0       0.0       2.4       11.4      12.5      29.8      
13        0.0       2.9       0.0       0.0       5.8       0.0       0.4       0.0       0.0       0.9       0.1       0.2       
14        0.0       0.5       0.0       0.0       0.0       0.0       1.1       0.0       0.0       1.1       0.6       26.2      
15        0.0       0.0       0.0       2.5       0.0       0.0       28.0      1.4       0.0       0.1       0.0       1.4       
16        1.0       0.0       0.0       0.0       3.0       6.9       0.1       21.9      0.0       0.8       39.7      0.0       
17        1.6       0.0       0.0       0.0       0.0       4.6       0.0       0.2       0.0       0.0       0.2       0.0       
18        0.3       0.0       0.0       0.0       0.0       0.7       0.0       0.0       0.0       0.0       0.0       4.1       
19        15.1      0.4       0.0       9.7       4.3       0.0       0.0       0.0       0.0       3.3       0.0       0.9       
20        0.2       2.2       0.0       3.3       1.4       0.0       0.0       3.4       0.0       13.8      0.0       0.9       
21        6.8       0.1       0.0       0.0       0.0       0.0       1.3       0.0       0.0       5.0       0.0       25.8      
22        6.6       0.0       0.0       0.0       0.0       0.0       0.0       0.0       19.6      13.0      0.0       5.8       
23        20.9      1.3       0.0       0.2       0.0       0.0       0.0       0.3       22.6      25.4      7.7       8.4       
24        0.1       0.0       0.0       0.1       18.2      1.2       0.0       0.0       0.1       4.5       2.6       33.9      
25        0.0       0.0       0.0       0.7       24.9      2.3       0.0       5.5       0.0       0.1       1.7       0.1       
26        24.4      9.9       0.0       1.6       1.8       0.8       0.0       5.9       0.0       8.1       20.7      0.0       
27        27.5      0.3       0.0       0.0       0.0       0.1       12.2      0.0       0.5       0.4       39.2      0.0       
28        28.0      0.0       25.5      4.8       0.0       0.1       0.3       0.9       18.2      15.0      7.1       39.4      
29        60.7                2.0       2.4       0.0       0.0       0.0       0.0       0.1       24.3      3.1       26.0      
30        68.4                2.6       0.6       0.0       0.0       0.0       6.3       0.0       13.7      15.3      25.9      
31        4.6                 0.1                 0.0                 0.0       1.7                 3.3                 5.9       


----------------------------------------------------------------------------------------------------------------------------------
Nº días   25.0      18.0      12.0      16.0      12.0      15.0      11.0      11.0      16.0      26.0      19.0      22.0      
Máx.      68.4      60.8      68.6      28.8      121.1     18.1      28.0      21.9      22.6      37.7      39.7      39.4      
Total     409.3     195.8     150.6     85.2      242.7     56.9      48.1      47.7      135.3     253.1     176.7     271.4     
