ESTACION AÑARBE D1W1
DATOS HISTORICOS MEDIAS DIARIAS
DATOS DE LA BUSQUEDA
     PARAMETRO = Precipitacion
     RANGO FECHAS = 01/2004 - 12/2008

                                                            2004
Día       Ene       Feb       Mar       Abr       May       Jun       Jul       Ago       Sep       Oct       Nov       Dic       
__________________________________________________________________________________________________________________________________

1         28.1      --        8.0       0.0       11.0      1.2       0.0       0.2       0.2       0.0       11.5      6.1       
2         30.5      1.4       3.7       0.0       0.1       0.3       3.1       13.9      9.9       0.0       6.5       8.4       
3         2.9       0.0       0.9       0.0       0.6       0.1       0.0       6.4       0.6       0.0       0.2       10.5      
4         0.7       0.0       0.0       0.0       12.3      0.1       0.0       65.0      0.1       0.0       0.0       0.0       
5         0.0       0.0       0.0       0.0       31.8      0.0       4.0       7.9       1.8       0.1       0.0       0.1       
6         0.0       0.0       13.3      2.8       15.7      0.0       1.9       0.0       0.7       0.9       0.0       0.0       
7         0.0       7.1       1.6       15.2      13.6      0.0       13.3      0.0       5.3       0.0       0.0       0.0       
8         0.0       0.1       0.0       1.6       5.9       0.7       0.0       0.7       0.0       0.0       40.4      1.3       
9         3.8       0.0       0.0       30.4      1.9       0.4       1.4       18.6      19.2      0.4       31.4      0.6       
10        0.0       0.0       0.0       1.1       3.6       0.0       0.0       0.1       0.1       0.0       46.6      0.0       
11        1.0       0.0       0.0       10.1      2.0       0.1       0.4       1.6       0.1       1.6       10.4      0.0       
12        0.1       0.0       10.4      0.2       18.5      0.1       3.7       4.0       0.1       2.5       0.2       0.1       
13        0.0       0.0       1.5       4.4       4.1       0.0       0.2       0.0       0.0       0.1       1.0       0.0       
14        17.7      0.0       0.0       5.3       0.2       0.1       0.0       0.0       15.2      9.1       0.1       0.0       
15        2.0       0.0       0.0       0.0       0.0       0.0       0.0       0.0       15.9      32.5      0.0       0.0       
16        0.1       3.3       0.0       2.8       0.0       0.0       0.0       1.2       2.8       49.9      0.0       12.2      
17        --        0.1       0.0       4.4       0.0       0.5       0.5       10.1      0.0       0.1       0.0       30.6      
18        --        1.2       0.0       14.8      0.0       0.1       0.2       0.7       0.0       2.5       0.0       19.1      
19        --        4.6       0.0       0.6       0.0       20.0      23.0      5.7       8.0       0.0       14.3      36.9      
20        --        8.3       0.0       2.7       0.0       8.7       1.5       1.3       0.1       0.0       0.2       24.5      
21        --        17.3      13.0      10.8      0.0       5.9       0.0       2.7       1.2       5.7       0.0       8.3       
22        --        0.2       45.3      26.7      5.0       0.1       0.7       0.0       1.1       0.1       0.0       0.4       
23        --        4.1       46.7      0.6       0.1       0.0       0.2       1.0       0.0       0.0       0.0       31.0      
24        --        1.9       13.3      0.0       0.0       0.2       0.0       1.6       14.3      0.0       0.0       0.2       
25        --        1.3       4.5       0.0       0.0       0.1       0.0       0.5       0.1       23.7      0.0       37.2      
26        --        3.2       0.1       0.0       0.0       0.0       0.0       4.9       0.7       24.1      0.0       22.7      
27        --        17.2      0.0       0.6       0.0       0.0       0.0       0.0       1.9       5.1       0.0       3.2       
28        --        31.3      1.5       18.5      0.0       0.0       0.9       0.0       0.0       1.0       6.5       13.4      
29        --        25.1      0.0       9.3       0.0       0.0       0.1       0.0       0.0       0.0       17.3      8.4       
30        --                  4.4       3.1       1.0       0.0       0.0       0.6       0.0       0.0       0.2       8.8       
31        --                  6.4                 0.0                 0.0       0.1                 5.3                 5.8       


----------------------------------------------------------------------------------------------------------------------------------
Nº días   --        --        16.0      21.0      17.0      17.0      16.0      22.0      22.0      18.0      15.0      23.0      
Máx.      --        --        46.7      30.4      31.8      20.0      23.0      65.0      19.2      49.9      46.6      37.2      
Total     --        --        174.6     166.0     127.4     38.7      55.1      148.8     99.4      164.7     186.8     289.8     


                                                            2005
Día       Ene       Feb       Mar       Abr       May       Jun       Jul       Ago       Sep       Oct       Nov       Dic       
__________________________________________________________________________________________________________________________________

1         0.1       5.5       0.1       0.0       0.0       0.0       0.5       16.5      1.1       16.7      0.0       0.3       
2         14.9      0.2       0.0       0.4       0.4       0.0       0.0       0.7       0.0       21.3      0.0       1.6       
3         0.5       0.1       18.1      0.0       0.0       0.5       4.7       0.0       0.0       0.1       11.6      1.3       
4         0.1       0.0       7.5       0.0       5.0       3.0       18.4      0.0       1.4       0.0       18.8      14.3      
5         0.0       0.0       36.7      4.5       15.5      0.0       0.1       0.0       6.9       0.0       2.7       52.3      
6         0.2       0.0       9.2       0.0       0.0       0.0       13.7      0.0       5.9       0.0       0.1       37.0      
7         0.1       0.0       0.1       12.0      0.0       0.7       4.3       0.0       8.6       0.0       0.0       0.2       
8         0.0       0.0       0.0       21.7      0.7       0.0       5.5       0.0       35.3      0.0       5.8       26.1      
9         0.0       0.0       0.0       28.0      3.6       0.1       0.0       0.0       6.2       0.0       57.6      0.7       
10        0.0       0.0       0.0       18.0      0.5       0.0       0.9       18.2      0.8       0.0       1.8       0.0       
11        0.0       1.3       0.0       0.0       0.4       0.0       0.0       1.2       27.7      0.0       0.0       0.0       
12        0.0       13.9      0.0       0.0       3.2       0.5       0.0       0.0       2.0       17.5      17.7      0.0       
13        0.0       39.1      0.0       0.0       24.7      15.1      0.0       0.0       18.6      12.3      23.1      0.9       
14        0.0       15.5      0.0       19.1      0.1       0.0       0.0       0.0       0.0       1.3       0.5       0.1       
15        0.0       11.3      0.0       9.8       0.0       0.0       0.1       0.2       0.0       0.0       12.9      0.1       
16        0.0       4.9       0.0       61.8      14.8      0.0       0.3       0.2       20.2      0.0       16.6      2.3       
17        0.0       0.1       0.0       8.2       9.3       0.0       0.0       1.1       4.7       0.0       15.1      24.7      
18        42.3      0.0       0.0       10.0      0.2       0.0       2.7       0.0       0.0       11.4      0.1       0.1       
19        82.5      10.4      0.0       9.8       0.0       0.0       0.0       11.5      0.0       0.0       0.1       0.0       
20        23.0      30.4      0.0       11.4      0.0       0.0       0.0       20.8      0.2       0.0       0.0       0.1       
21        4.5       8.5       0.0       59.8      7.3       0.2       0.0       5.5       0.0       0.0       0.0       0.1       
22        11.3      7.6       0.0       4.7       0.8       0.0       0.0       1.7       0.0       2.7       0.0       0.1       
23        12.9      1.9       2.6       6.3       0.3       0.0       0.0       9.5       0.0       5.8       0.0       0.0       
24        1.8       0.6       0.1       6.3       0.0       1.9       0.1       0.0       0.0       0.1       6.5       0.1       
25        9.0       0.1       2.6       0.1       0.0       0.9       1.0       1.1       28.2      0.0       67.6      0.1       
26        1.3       0.0       0.4       0.0       0.0       0.3       0.0       0.1       0.8       0.0       5.3       0.0       
27        0.9       2.3       1.0       0.0       0.0       0.1       0.0       3.9       0.0       0.0       32.9      0.0       
28        11.7      0.2       0.0       0.0       0.0       0.0       0.4       0.3       0.0       10.7      0.2       6.8       
29        9.5                 3.5       0.0       12.9      0.9       1.8       0.0       2.2       0.0       15.3      25.4      
30        0.0                 5.8       0.0       6.4       3.1       0.0       0.0       0.3       1.8       40.2      62.0      
31        0.0                 0.0                 0.0                 0.0       12.8                14.8                10.6      


----------------------------------------------------------------------------------------------------------------------------------
Nº días   18.0      19.0      13.0      18.0      18.0      13.0      15.0      17.0      18.0      13.0      22.0      24.0      
Máx.      82.5      39.1      36.7      61.8      24.7      15.1      18.4      20.8      35.3      21.3      67.6      62.0      
Total     226.6     153.9     87.7      291.9     106.1     27.3      54.5      105.3     171.1     116.5     352.5     267.3     


                                                            2006
Día       Ene       Feb       Mar       Abr       May       Jun       Jul       Ago       Sep       Oct       Nov       Dic       
__________________________________________________________________________________________________________________________________

1         36.7      0.1       9.3       0.0       0.0       0.0       0.0       4.0       0.0       0.0       6.0       0.0       
2         15.3      0.0       11.5      0.0       0.0       0.0       0.9       0.0       0.0       0.0       0.0       3.4       
3         1.1       0.0       0.0       0.0       0.0       0.0       0.7       34.6      0.0       8.9       0.0       1.3       
4         20.6      0.0       2.9       0.1       2.4       0.0       2.8       1.2       0.0       17.7      0.0       0.2       
5         12.6      0.0       24.9      1.0       1.5       0.0       2.2       0.2       0.0       4.1       0.0       29.3      
6         0.1       0.0       25.7      0.0       8.5       0.0       2.0       0.1       0.0       0.6       0.0       36.0      
7         0.1       0.0       12.5      0.0       13.8      0.0       1.5       0.0       0.0       14.4      0.0       2.9       
8         0.0       0.0       0.3       0.0       12.3      0.0       0.0       1.3       0.0       0.0       0.0       16.6      
9         11.2      0.1       13.0      12.4      0.0       0.0       0.0       0.0       0.0       0.2       0.0       23.9      
10        0.1       0.1       42.1      10.4      0.0       0.0       0.0       1.4       0.0       9.5       0.0       16.6      
11        0.1       0.0       60.0      0.1       0.9       0.0       3.7       0.0       9.1       21.3      1.4       0.2       
12        0.0       0.0       48.8      0.6       0.2       0.0       2.6       1.2       14.3      9.3       3.8       0.2       
13        0.0       0.0       0.1       0.0       0.2       0.0       0.4       0.7       3.2       0.0       0.1       0.1       
14        0.0       0.0       0.0       0.0       0.0       0.0       0.0       0.0       29.0      0.0       0.0       0.1       
15        0.0       0.5       0.0       0.6       0.0       0.2       0.0       0.2       34.2      0.0       0.0       0.1       
16        0.0       2.9       0.0       7.6       0.0       37.6      0.0       0.1       40.5      0.0       26.1      0.0       
17        10.2      3.6       0.0       10.2      0.0       0.1       0.0       0.4       0.6       0.0       0.3       1.1       
18        21.3      1.0       2.6       3.9       2.1       0.0       5.6       0.4       0.1       0.2       0.0       0.1       
19        4.1       19.5      1.2       0.0       0.0       34.3      1.0       0.9       0.0       2.5       11.9      0.0       
20        0.0       4.4       0.9       0.0       0.0       13.8      0.1       0.1       0.0       2.7       0.1       0.0       
21        3.2       23.6      5.8       47.4      0.0       0.4       0.0       0.0       17.9      0.2       71.1      0.0       
22        0.1       0.2       5.1       14.7      7.6       0.4       1.1       0.0       8.6       2.2       38.2      0.0       
23        0.1       2.2       3.9       0.1       1.7       4.6       0.0       0.0       11.0      0.0       1.1       0.0       
24        0.0       2.8       2.1       0.0       0.0       45.1      0.0       4.2       0.8       0.0       0.1       0.0       
25        0.0       0.0       0.1       1.1       0.0       0.9       1.0       9.9       24.7      0.0       3.3       0.0       
26        0.0       2.2       0.0       0.1       0.0       2.7       0.3       21.4      1.5       0.0       0.0       0.0       
27        0.0       0.0       4.5       17.4      0.0       1.9       4.0       0.9       0.0       0.0       0.0       0.0       
28        0.7       0.0       6.6       0.5       0.0       0.7       31.1      3.1       0.0       0.0       2.3       0.0       
29        0.1                 0.1       0.0       7.7       0.0       0.1       4.8       0.0       0.0       1.0       0.0       
30        0.0                 1.7       0.0       0.0       0.0       1.0       2.3       2.6       0.0       0.0       0.0       
31        2.3                 0.2                 0.0                 0.7       0.0                 0.7                 0.0       


----------------------------------------------------------------------------------------------------------------------------------
Nº días   19.0      14.0      25.0      17.0      12.0      13.0      20.0      22.0      15.0      15.0      15.0      16.0      
Máx.      36.7      23.6      60.0      47.4      13.8      45.1      31.1      34.6      40.5      21.3      71.1      36.0      
Total     140.0     63.2      285.9     128.2     58.9      142.7     62.8      93.4      198.1     94.5      166.8     132.1     


                                                            2007
Día       Ene       Feb       Mar       Abr       May       Jun       Jul       Ago       Sep       Oct       Nov       Dic       
__________________________________________________________________________________________________________________________________

1         9.1       0.3       0.3       8.5       24.4      7.7       0.4       0.0       0.1       26.7      0.0       9.3       
2         0.5       0.0       0.2       14.0      0.1       21.1      1.4       0.0       0.0       0.2       0.0       0.2       
3         0.0       0.0       0.1       2.5       8.8       0.0       9.3       0.0       1.3       3.4       0.0       29.3      
4         3.1       0.0       3.7       18.2      12.2      0.3       1.5       0.0       9.9       10.4      0.0       5.3       
5         1.2       3.1       0.5       2.8       3.7       0.1       0.2       0.6       0.0       43.6      0.2       0.1       
6         0.4       1.6       2.3       0.0       0.4       0.0       0.0       15.1      0.0       5.5       0.0       0.0       
7         0.0       2.7       21.6      13.1      1.2       0.0       1.1       3.8       0.0       0.0       0.0       15.0      
8         1.2       8.9       31.6      1.1       0.0       0.0       7.3       3.8       0.0       0.1       0.0       5.4       
9         0.1       8.2       2.3       3.7       0.0       44.7      7.5       0.0       0.0       1.7       0.2       21.3      
10        0.0       5.1       0.0       2.4       0.0       15.3      9.3       0.0       0.0       40.0      0.0       50.1      
11        0.0       0.1       0.0       0.1       0.0       0.2       4.1       0.0       0.0       0.1       0.0       0.3       
12        0.0       27.7      0.0       7.4       0.4       3.7       0.1       0.0       0.0       0.0       0.0       0.0       
13        0.0       0.0       0.0       31.1      0.4       1.5       0.0       0.0       0.0       0.0       0.0       0.0       
14        0.0       9.2       0.0       1.7       37.7      0.4       0.0       0.0       3.3       0.0       21.7      0.1       
15        0.0       0.0       0.0       0.1       2.0       0.0       0.0       8.7       0.0       0.0       0.3       0.0       
16        0.0       1.4       0.0       3.1       9.5       0.0       2.8       16.3      1.8       0.0       0.0       0.1       
17        0.0       7.1       0.0       1.3       3.5       1.9       0.0       0.4       13.2      0.3       0.0       0.0       
18        0.0       25.6      7.6       0.0       0.8       0.0       1.3       0.0       16.2      0.4       0.1       0.8       
19        0.0       4.1       41.6      0.0       4.5       0.4       30.4      25.1      0.0       0.0       0.0       0.0       
20        0.0       16.9      51.0      0.0       5.0       8.9       4.2       16.4      0.0       0.0       15.6      0.0       
21        4.5       2.3       16.2      0.0       1.7       0.2       1.4       105.9     0.0       0.0       0.3       0.0       
22        30.0      0.4       12.7      0.0       0.4       0.0       0.0       25.7      10.7      0.0       4.6       0.0       
23        35.5      3.4       34.7      0.0       0.2       0.0       8.5       108.6     0.1       14.8      10.7      0.0       
24        29.2      5.8       13.8      0.0       9.8       0.0       4.1       31.5      10.4      1.0       0.2       0.0       
25        14.8      11.4      3.7       2.6       6.1       6.4       0.0       2.5       20.3      0.0       2.8       0.0       
26        2.0       11.9      0.3       6.5       34.7      15.8      0.0       0.3       24.3      0.0       0.2       12.5      
27        3.3       6.3       21.4      12.7      18.9      2.9       0.0       0.1       15.3      0.0       0.0       0.1       
28        3.2       2.2       3.5       1.2       19.6      0.0       0.0       0.1       0.0       0.0       0.0       0.1       
29        2.2                 15.0      0.2       0.1       0.0       0.0       1.2       0.0       14.9      0.0       1.2       
30        0.5                 13.3      8.0       0.0       0.0       0.0       0.3       0.0       13.5      0.2       11.7      
31        7.7                 12.3                5.2                 0.0       0.2                 0.2                 0.1       


----------------------------------------------------------------------------------------------------------------------------------
Nº días   18.0      23.0      23.0      22.0      26.0      17.0      18.0      20.0      13.0      17.0      13.0      19.0      
Máx.      35.5      27.7      51.0      31.1      37.7      44.7      30.4      108.6     24.3      43.6      21.7      50.1      
Total     148.5     165.7     309.7     142.3     211.3     131.5     94.9      366.6     126.9     176.8     57.1      163.0     


                                                            2008
Día       Ene       Feb       Mar       Abr       May       Jun       Jul       Ago       Sep       Oct       Nov       Dic       
__________________________________________________________________________________________________________________________________

1         0.1       7.2       0.4       52.0      0.1       4.7       0.0       1.3       0.2       0.0       0.2       33.8      
2         0.1       7.8       0.0       0.9       0.0       4.3       4.2       0.0       0.0       16.0      59.7      6.9       
3         0.5       8.2       11.2      0.0       0.0       13.7      1.8       0.1       1.0       43.0      6.1       12.7      
4         0.1       4.2       27.0      0.0       0.6       0.0       0.0       0.2       3.2       4.4       0.1       12.0      
5         4.9       0.0       13.4      0.0       4.3       1.1       3.3       3.0       0.7       0.0       49.0      20.5      
6         2.7       0.0       0.0       1.0       0.0       1.8       6.7       28.9      2.0       0.0       16.1      7.7       
7         3.2       0.0       9.2       3.8       0.0       0.1       0.1       4.7       0.0       23.9      2.7       0.2       
8         0.0       0.0       3.4       0.0       0.7       16.9      0.0       0.7       0.0       20.7      0.1       8.3       
9         2.5       0.0       8.9       1.3       11.4      27.2      0.0       0.0       13.1      1.0       0.0       26.0      
10        0.0       0.0       15.7      36.5      31.4      30.0      0.0       0.0       0.1       0.0       0.0       10.3      
11        22.5      0.0       9.6       11.9      0.2       32.0      3.1       0.1       15.8      0.0       9.9       10.6      
12        38.3      0.0       0.0       2.0       0.0       0.8       18.9      9.5       17.7      0.3       17.0      6.4       
13        0.2       0.0       0.0       14.5      2.5       4.6       12.4      1.5       16.5      0.1       5.0       11.0      
14        0.3       0.0       0.0       5.7       9.0       0.2       0.2       7.5       5.0       0.1       1.4       14.7      
15        28.1      0.0       7.4       0.0       0.7       0.5       0.0       22.0      0.0       0.0       0.3       7.3       
16        12.4      0.0       0.1       0.0       0.0       21.2      0.0       0.0       0.0       1.9       1.1       0.3       
17        12.3      0.0       0.0       25.9      0.0       26.2      0.1       0.4       0.0       0.2       0.3       20.8      
18        17.5      0.0       9.9       7.9       2.8       0.1       0.0       1.4       1.2       0.0       28.4      2.7       
19        0.0       0.0       0.1       1.5       75.0      0.0       0.0       2.5       0.8       0.0       5.8       4.4       
20        0.0       2.6       0.0       0.0       3.4       0.0       0.5       1.3       0.0       0.0       0.4       0.2       
21        0.1       0.1       31.8      25.5      0.0       0.0       0.1       2.0       0.0       21.9      38.6      0.0       
22        5.3       0.0       49.1      4.5       1.6       0.8       0.0       10.2      0.0       11.3      37.3      0.0       
23        0.7       0.0       41.6      11.2      17.2      9.0       0.0       0.9       0.0       0.0       22.7      0.0       
24        0.0       0.1       42.8      0.0       23.2      0.5       0.1       0.0       0.0       0.0       54.6      0.1       
25        0.0       0.0       33.5      0.0       32.8      0.0       0.0       3.4       0.0       0.0       0.4       0.0       
26        0.0       1.6       21.1      0.0       1.7       7.4       0.8       0.0       0.0       0.0       0.0       4.0       
27        0.0       0.6       44.4      0.0       3.5       0.6       0.0       0.0       0.0       12.5      0.0       0.0       
28        0.0       3.3       8.4       5.3       8.1       0.0       5.8       0.0       0.0       6.4       0.1       0.1       
29        0.0       0.0       0.1       8.2       2.8       0.0       0.1       0.0       0.0       19.6      0.0       0.0       
30        8.6                 21.4      3.6       0.1       0.0       0.0       0.0       0.0       15.1      2.2       0.0       
31        0.7                 5.1                 56.5                0.9       0.0                 11.3                0.0       


----------------------------------------------------------------------------------------------------------------------------------
Nº días   21.0      10.0      24.0      19.0      23.0      22.0      17.0      20.0      13.0      18.0      25.0      23.0      
Máx.      38.3      8.2       49.1      52.0      75.0      32.0      18.9      28.9      17.7      43.0      59.7      33.8      
Total     161.1     35.7      415.6     223.2     289.6     203.7     59.1      101.6     77.3      209.7     359.5     221.0     
